image_width: 1900
image_height: 1200
camera_name: left_camera
camera_matrix:
  rows: 3
  cols: 3
  data: [1157.822440192501, 0.000000, 955.5646841191702, 0.000000, 1159.293561780903, 589.5197232706195, 0.000000, 0.000000, 1.000000]
distortion_model: plumb_bob
distortion_coefficients:
  rows: 1
  cols: 5
  data: [-0.260187058149884, 0.138589146386781, -0.0003971673967274344, 0.0001881113620280113, -0.042480166159374]
rectification_matrix:
  rows: 3
  cols: 3
  data: [1.000000, 0.000000, 0.000000, 0.000000, 1.000000, 0.000000, 0.000000, 0.000000, 1.000000]
projection_matrix:
  rows: 3
  cols: 4
  data: [1157.822440192501, 0.000000, 955.5646841191702, 0.000000, 0.000000, 1159.293561780903, 589.5197232706195, 0.000000, 0.000000, 0.000000, 1.000000, 0.000000]