image_width: 1900
image_height: 1200
camera_name: right_camera
camera_matrix:
  rows: 3
  cols: 3
  data: [1148.206978222378, 0.000000, 978.4691803890358, 0.000000, 1149.227208209597, 580.0173993834275, 0.000000, 0.000000, 1.000000]
distortion_model: plumb_bob
distortion_coefficients:
  rows: 1
  cols: 5
  data: [-0.2562, 0.1241, -0.0002471, -0.0002728, -0.0332]
rectification_matrix:
  rows: 3
  cols: 3
  data: [1.000000, 0.000000, 0.000000, 0.000000, 1.000000, 0.000000, 0.000000, 0.000000, 1.000000]
projection_matrix:
  rows: 3
  cols: 4
  data: [1148.206978222378, 0.000000, 978.4691803890358, 0.000000, 0.000000, 1149.227208209597, 580.0173993834275, 0.000000, 0.000000, 0.000000, 1.000000, 0.000000]